Round 1  {120, 113, 102, 95, 76, 79, 73, 59, 61, 47, 41, 44, 25, 18, 7, 0}
	(120 out of 120 #1 seeds won in the first round, 113 out of 120 #2 seeds won in the first round...)
Round 2  {104, 77, 61, 55, 39, 40, 20, 11, 5, 22, 17, 20, 6, 2, 1, 0}
Round 3  {82, 56, 30, 19, 8, 13, 8, 8, 2, 7, 6, 1, 0, 0, 0, 0}
Round 4  {48, 26, 14, 13, 6, 3, 1, 5, 1, 0, 3, 0, 0, 0, 0, 0}
Round 5  {27, 12, 9, 3, 3, 2, 1, 3, 0, 0, 0, 0, 0, 0, 0, 0}
Round 6  {18, 4, 4, 1, 0, 1, 1, 1, 0, 0, 0, 0, 0, 0, 0, 0}
	
Percentages:

{100.0, 94.17, 85.0, 79.17, 63.33, 65.83, 60.83, 49.17, 50.83, 39.17, 34.17, 36.67, 20.83, 15.0, 5.83, 0.0}
	(100% of #1 seed won in the first round, 94% of #2 seeds won in the first round...)
{86.67, 64.17, 50.83, 45.83, 32.5, 33.33, 16.67, 9.17, 4.17, 18.33, 14.17, 16.67, 5.0, 1.67, 0.83, 0.0}
{68.33, 46.67, 25.0, 15.83, 6.67, 10.83, 6.67, 6.67, 1.67, 5.83, 5.0, 0.83, 0.0, 0.0, 0.0, 0.0}
{40.0, 21.67, 11.67, 10.83, 5.0, 2.5, 0.83, 4.17, 0.83, 0.0, 2.5, 0.0, 0.0, 0.0, 0.0, 0.0}
{22.5, 10.0, 7.5, 2.5, 2.5, 1.67, 0.83, 2.5, 0.0, 0.0, 0.0, 0.0, 0.0, 0.0, 0.0, 0.0}
{15.0, 3.33, 3.33, 0.83, 0.0, 0.83, 0.83, 0.83, 0.0, 0.0, 0.0, 0.0, 0.0, 0.0, 0.0, 0.0}